 0
 11.5787411169
 11.578741116953
 11.5787411169
 11.57874111695
 11.578741116953
 11.57874111695
 11.578741116953
 11.578741116953
 11.57874111695
 11.5787411169
 11.578741116
 11.57874111695
 11.5787411169
 11.5787411169
 11.5787411169
 11.5787411169
 11.5787411169
 11.5787411169
 11.57874111695
 11.57874111695
 11.5787411169
 11.5787411169
 11.57874111695
 11.5787411169
 11.5787411169
 11.57874111695
 11.57874111695
 11.5787411169
 11.5787411169
 11.57874111695
 11.5787411169
 11.578741116
 11.57874111695
 11.5787411169
 11.5787411169
 11.57874111695
 11.5787411169
 11.57874111695
 11.5787411169
 11.5787411169
 11.57874111695
 11.5787411169R
 11.57874111695
 11.57874111695
 11.5787411169
 11.5787411169
 11.5787411169
 11.5787411169
 11.5787411169
 11.5787411169
 11.57874111695
 11.57874111695
 11.5787411169
 11.5787411169
 11.5787411169
 11.5787411169
 11.57874111695
 11.5787411169
 11.5787411169
 11.578741116
 11.5787411169
 11.578741116
 11.57874111695
 11.57874111695
 11.57874111695
 11.5787411169
 11.5787411169
 11.578741116
 11.5787411169
 11.57874111695
 11.5787411169
 11.5787411169
 11.57874111695
 11.57874111695
 11.57874111695
 11.5787411169
 11.57874111695
 11.5787411169
 11.5787411169
 11.5787411169
 11.57874111695
 11.578741116
 11.5787411169
 11.57874111695
 11.5787411169
 11.57874111695
 11.578741116
 11.578741116
 11.578741116
 11.578741116
 11.5787411169
 12.242556764
 13.869619200
 13.869619200
 13.8696192006
 13.869619200
 13.869619200
 13.869619200
 13.86961920
 13.89920854
 13.98095290
 15.88833600
 16.02479584
 16.0247958462
 16.02479584
 16.02479584
 16.02479584
 16.02479584
 16.024795846
 16.02479584
 16.0247958462
 16.02479584
 16.02479584
 17.74511693
 17.7451169345
 17.74511693
 17.74511693
 17.745116934
 17.745116934
 17.7451169345
 17.7451169345
 17.7451169345
 17.745116934
 17.7451169345
 17.7451169345
 17.7451169345
 17.7451169345
 17.745116934
 17.74511693
 17.7451169345
 17.7451169345
 17.745116934
 17.745116934
 17.74511693
 17.74511693
 17.74511693
 17.7451169345
 17.7451169345
 17.745116934
 17.745116934
 17.745116934
 17.745116934
 17.745116934
 17.745116934
 17.7451169345
 17.745116934
 17.74511693
 17.7451169345
 17.745116934
 17.74511693
 17.7451169345
 17.7451169345
 17.7451169345
 17.7451169345
 17.745116934
 17.745116934
 17.74511693
 17.7451169345
 17.74511693
 17.7451169345
 17.74511693
 17.7451169345
 17.745116934
 17.74511693
 17.74511693
 17.745116934
 17.745116934
 17.745116934
 17.745116934
 17.745116934
 17.7451169345
 17.745116934
 17.7451169345
 17.745116934
 17.74511693
 17.74511693
 17.74511693
 17.745116934
 17.7451169345
 17.7451169345
 17.7451169345
 17.745116934538
 17.745116934
 17.74511693
 17.745116934
 17.7451169345
 17.7451169345
 17.745116934
 17.7451169345
 17.7451169345
 17.74511693
 17.74511693
 17.7451169345
 17.745116934
 17.74511693
 17.7451169345
 17.7451169345
 17.7451169345
 17.745116934
 17.74511693
 17.74511693
 17.74511693
 17.745116934
 17.74511693
 17.74511693
 17.745116934
 17.7451169345
 17.7451169345
 17.74511693
 17.74511693
 17.74511693
 17.74511693
 17.74511693
 17.74511693
 17.74511693
 17.74511693
 17.74511693
 17.74511693
 17.74511693
 17.745116934
 17.74511693
 17.74511693
 17.74511693
 17.74511693
 17.74511693
 17.74511693
 17.74511693
 17.745116934
 17.7451169345
 17.74511693
 17.74511693
 17.74511693
 17.74511693
 17.74511693
 17.74511693
 17.74511693
 17.74511693
 17.74511693
 17.74511693
 17.74511693
 17.74511693
 17.74511693
 17.74511693
 17.745116934
 17.74511693
 17.74511693
 17.74511693
 17.74511693
 17.74511693
 17.745116934
 17.74511693
 17.745116934
 17.74511693
 17.74511693
 17.74511693
 17.74511693
 17.74511693
 17.74511693
 17.74511693
 17.74511693
 17.74511693
 17.74511693
 17.74511693
 17.7451169345
 17.74511693
 17.74511693
 17.74511693
 17.74511693
 17.74511693
 17.74511693
 17.74511693
 17.74511693
 17.74511693
 17.74511693
 17.74511693
 17.74511693
 17.74511693
 17.74511693
 17.74511693
 17.74511693
 17.74511693
 17.74511693
 17.74511693
 17.745116934
 17.74511693
 17.74511693
 17.74511693
 17.74511693
 17.74511693
 17.74511693
 17.74511693
 17.74511693
 17.74511693
 17.74511693
 17.74511693
 17.74511693
 17.74511693
 17.745116934
 17.74511693
 17.7451169345
 17.74511693
 17.74511693
 17.74511693
 17.74511693
 17.74511693
 17.74511693
 17.745116934
 17.74511693
 17.745116934
 17.74511693
 17.745116934
 17.745116934
 17.74511693
 17.74511693
 17.745116934
 17.74511693
 17.74511693
 17.74511693
 17.74511693
 17.74511693
 17.74511693
 17.74511693
 17.74511693
 17.74511693
 17.74511693
 17.74511693
 17.74511693
 17.74511693
 17.74511693
 17.74511693
 17.745116934
 17.74511693
 17.74511693
 17.74511693
 17.74511693
 17.74511693
 17.74511693
 17.74511693
 17.74511693
 17.74511693
 17.74511693
 17.74511693
 17.74511693
 17.74511693
 17.74511693
 17.74511693
 17.74511693
 17.74511693
 17.74511693
 17.74511693
 17.7451169345
 17.74511693
 17.74511693
 17.745116934
 17.74511693
 17.74511693
 17.745116934
 17.74511693
 17.74511693
 17.74511693
 17.74511693
 17.74511693
 17.74511693
 17.745116934
 17.745116934
 17.74511693
 17.74511693
 17.74511693
 20.76453479
 20.76453479
 20.76453479
 20.764534791
 20.764534791
 20.76453479
 20.76453479
 20.76453479
 20.76453479
 20.76453479
 20.76453479
 20.76453479
 20.76453479
 20.76453479
 20.76453479
 20.76453479
 20.76453479
 20.76453479
 20.76453479
 20.76453479
 20.76453479
 20.76453479
 20.76453479
 20.76453479
 20.76453479
 20.76453479
 20.76453479
 20.764534791
 20.76453479
 20.76453479
 20.76453479
 20.76453479
 20.76453479
 20.76453479
 20.76453479
 20.76453479
 20.764534791
 20.76453479
 20.76453479
 20.76453479
 20.76453479
 20.76453479
 20.76453479
 20.76453479
 20.76453479
 20.76453479
 20.76453479
 20.76453479
 20.76453479
 20.76453479
 20.76453479
 20.76453479
 20.76453479
 20.76453479
 20.76453479
 20.76453479
 20.76453479
 20.76453479
 20.76453479
 20.76453479
 20.76453479
 20.764534791
 20.764534791
 20.76453479
 20.764534791
 20.76453479
 20.76453479
 20.76453479
 20.764534791
 20.76453479
 20.76453479
 20.76453479
 20.76453479
 20.76453479
 20.764534791
 20.76453479
 20.76453479
 20.764534791
 20.76453479
 20.76453479
 20.76453479
 20.76453479
 20.76453479
 20.76453479
 20.76453479
 20.76453479
 20.76453479
 20.76453479
 20.76453479
 20.76453479
 20.76453479
 20.76453479
 20.76453479
 20.76453479
 20.76453479
 20.76453479
 20.76453479
 20.76453479
 20.76453479
 20.76453479
 20.76453479
 20.764534791
 20.76453479
 20.76453479
 20.76453479
 20.76453479
 20.76453479
 20.764534791
 20.76453479
 20.76453479
 20.76453479
 20.76453479
 20.76453479
 20.76453479
 20.76453479
 20.76453479
 20.76453479
 20.764534791
 20.76453479
 20.76453479
 20.76453479
 20.76453479
 20.764534791
 20.76453479
 20.76453479
 20.76453479
 20.76453479
 20.76453479
 20.764534791
 20.76453479
 20.76453479
 20.76453479
 20.76453479
 20.76453479
 20.76453479
 20.76453479
 20.76453479
 20.76453479
 20.76453479
 20.76453479
 20.764534791
 20.76453479
 20.76453479
 20.76453479
 20.76453479
 20.76453479
 20.76453479
 20.76453479
 20.76453479
 20.76453479
 20.76453479
 20.76453479
 20.76453479
 20.76453479
 20.764534791
 20.76453479
 20.76453479
 20.76453479
 20.76453479
 20.76453479
 20.76453479
 20.76453479
 20.76453479
 20.76453479
 20.76453479
 20.76453479
 20.76453479
 20.764534791
 20.76453479
 20.76453479
 20.76453479
 20.76453479
 20.76453479
 20.76453479
 20.76453479
 20.76453479
 20.76453479
 20.764534791
 20.76453479
 20.76453479
 20.764534791
 20.76453479
 20.76453479
 20.76453479
 20.764534791
 20.76453479
 20.76453479
 20.7645347916
 20.76453479
 20.76453479
 20.764534791
 20.76453479
 20.764534791
 20.76453479
 20.76453479
 20.76453479
 20.76453479
 20.76453479
 20.76453479
 20.76453479
 20.76453479
 20.76453479
 20.76453479
 20.76453479
 20.76453479
 20.76453479
 20.76453479
 20.76453479
 20.76453479
 20.76453479
 20.76453479
 20.76453479
 20.76453479
 20.76453479
 20.76453479
 20.76453479
 20.76453479
 20.76453479
 20.76453479
 20.76453479
 20.76453479
 20.76453479
 20.76453479
 20.76453479
 20.76453479
 20.76453479
 20.76453479
 20.76453479
 20.76453479
 20.76453479
 20.76453479
 20.76453479
 20.76453479
 20.76453479
 20.76453479
 20.76453479
 20.76453479
 20.76453479
 20.76453479
 20.76453479
 20.76453479
 20.76453479
 20.76453479
 20.76453479
 20.76453479
 20.76453479
 20.76453479
 20.76453479
 20.76453479
 20.76453479
 20.76453479
 20.76453479
 20.764534791
 20.764534791
 20.764534791
 20.764534791
 20.76453479
 20.764534791
 20.76453479
 20.76453479
 20.76453479
 20.76453479
 20.76453479
 20.76453479
 20.76453479
 20.764534791
 20.764534791
 20.76453479
 20.76453479
 20.764534791
 20.76453479
 20.76453479
 20.76453479
 20.76453479
 20.76453479
 20.76453479
 20.76453479
 20.76453479
 20.76453479
 20.764534791
 20.76453479
 20.76453479
 20.76453479
 20.764534791
 20.76453479
 20.76453479
 20.76453479
 20.76453479
 20.764534791
 20.76453479
 20.76453479
 20.76453479
 20.764534791
 20.76453479
 20.76453479
 20.76453479
 20.76453479
 20.76453479
 20.76453479
 20.7645347916
 20.76453479
 20.76453479
 20.76453479
 20.76453479
 20.76453479
 20.76453479
 20.76453479
 20.76453479
 20.76453479
 20.764534791
 20.76453479
 20.76453479
 20.76453479
 20.76453479
 20.76453479
 20.76453479
 20.76453479
 20.764534791
 20.76453479
 20.76453479
 20.76453479
 20.764534791
 20.76453479
 20.76453479
 20.76453479
 20.76453479
 20.76453479
 20.76453479
 20.76453479
 20.764534791
 20.764534791
 20.764534791
 20.76453479
 20.76453479
 20.76453479
 20.76453479
 20.764534791
 20.764534791
 20.76453479
 20.76453479
 20.7645347916
 20.76453479
 20.76453479
 20.76453479
 20.76453479
 20.76453479
 20.76453479
 20.764534791
 20.76453479
 20.76453479
 20.7645347916
 20.764534791
 20.76453479
 20.76453479
 20.76453479
 20.76453479
 20.76453479
 20.76453479
 20.76453479
 20.764534791
 20.76453479
 20.76453479
 20.76453479
 20.764534791
 20.76453479
 20.76453479
 20.764534791
 20.76453479
 20.76453479
 20.764534791
 20.76453479
 20.76453479
 20.76453479
 20.76453479
 20.76453479
 20.76453479
 20.76453479
 20.76453479
 20.76453479
 20.76453479
 20.76453479
 20.76453479
 20.76453479
 20.76453479
 20.76453479
 20.76453479
 20.76453479
 20.76453479
 20.76453479
 20.76453479
 20.76453479
 20.76453479
 20.7645347916
 20.76453479
 20.76453479
 20.76453479
 20.76453479
 20.76453479
 20.76453479
 20.76453479
 20.76453479
 20.76453479
 20.76453479
 20.76453479
 20.76453479
 20.764534791
 20.76453479
 20.76453479
 20.76453479
 20.76453479
 20.76453479
 20.76453479
 20.764534791
 20.76453479
 20.76453479
 20.76453479
 20.764534791
 20.76453479
 20.76453479
 20.76453479
 21.777811134
 21.77781113
 21.77781113
 21.77781113
 21.77781113
 21.777811134
 21.77781113
 21.77781113
 21.77781113
 21.77781113
 21.77781113
 21.77781113
 21.77781113
 21.77781113
 21.77781113
 21.77781113
 21.77781113
 21.77781113
 21.77781113
 21.77781113
 21.77781113
 21.77781113
 21.77781113
 21.77781113
 21.77781113
 21.77781113
 21.77781113
 21.77781113
 21.77781113
 21.77781113
 21.77781113
 21.77781113
 21.77781113
 21.77781113
 21.77781113
 21.77781113
 21.77781113
 21.77781113
 21.77781113
 21.77781113
 21.77781113
 21.77781113
 21.77781113
 21.77781113
 21.777811134
 21.77781113
 21.77781113
 21.777811134
 21.77781113
 21.77781113
 21.77781113
 21.777811134
 21.77781113
 21.77781113
 21.77781113
 21.77781113
 21.77781113
 21.77781113
 21.77781113
 21.77781113
 21.777811134
 21.77781113
 21.777811134
 21.77781113
 21.77781113
 21.77781113
 21.77781113
 21.77781113
 21.777811134
 21.77781113
 21.777811134
 21.77781113
 21.77781113
 21.77781113
 21.77781113
 21.77781113
 21.77781113
 21.77781113
 21.77781113
 21.777811134
 21.77781113
 21.77781113
 21.77781113
 21.77781113
 21.77781113
 21.77781113
 21.77781113
 21.77781113
 21.77781113
 21.77781113
 21.77781113
 21.77781113
 21.77781113
 21.77781113
 21.77781113
 21.77781113
 21.77781113
 21.77781113
 21.77781113
 21.77781113
 21.7778111343
 21.777811134
 21.77781113
 21.77781113
 21.77781113
 21.77781113
 21.77781113
 21.77781113
 21.77781113
 21.777811134
 21.77781113
 21.77781113
 21.777811134
 21.77781113
 21.77781113
 21.77781113433
 21.77781113
 21.77781113
 21.77781113
 21.77781113
 21.77781113
 21.77781113
 21.77781113
 21.77781113
 21.7778111343
 21.77781113
 21.77781113
 21.777811134
 21.77781113
 21.77781113
 21.77781113
 21.77781113
 21.77781113
 21.77781113
 21.77781113
 21.77781113
 21.77781113
 21.77781113
 21.77781113
 21.77781113
 21.777811134
 21.77781113
 21.77781113
 21.77781113
 21.777811134
 21.77781113
 21.77781113
 21.77781113
 21.77781113
 21.777811134
 21.77781113
 21.77781113
 21.777811134
 21.77781113
 21.77781113
 21.777811134
 21.77781113
 21.77781113
 21.77781113
 21.77781113
 21.77781113
 21.77781113
 21.77781113
 21.77781113
 21.77781113
 21.77781113
 21.777811134
 21.77781113
 21.77781113
 21.77781113
 21.77781113
 21.77781113
 21.77781113
 21.77781113
 21.77781113
 21.77781113
 21.77781113
 21.77781113
 21.77781113
 21.77781113
 21.77781113
 21.77781113
 21.77781113
 21.77781113
 21.77781113
 21.77781113
 21.777811134
 21.77781113
 21.77781113
 21.77781113
 21.77781113
 21.77781113
 21.77781113
 21.77781113
 21.77781113
 21.77781113
 21.77781113
 21.7778111343
 21.77781113
 21.77781113
 21.77781113
 21.77781113
 21.77781113
 21.77781113
 21.77781113
 21.77781113
 21.77781113
 21.77781113
 21.77781113
 21.77781113
 21.7778111
