0
-16.23421783
-16.23785496
-16.23816397
-16.23832832
-16.24676276
-16.25259174
-16.2527662
-16.2528429
-16.2732304
-16.2813229
-16.2814754
-16.2815743
-16.2975582
-16.3100218
-16.3101142
-16.3101629
-16.3540995
-16.3669501
-16.3670400
-16.3670911
-16.4078803
-16.4237410
-16.4238239
-16.4238826
-16.4568217
-16.4803876
-16.4804430
-16.4804984
-16.4805537
-16.4806091
-16.4806850
-16.4807511
-16.5002425
-16.5089514
-16.5090447
-16.5090910
-16.5502432
-16.5653679
-16.5654467
-16.5655090
-16.5849448
-16.5935904
-16.5936819
-16.5937296
-16.6313639
-16.6497623
-16.6498172
-16.6498721
-16.6499457
-16.6500132
-16.6669824
-16.6779678
-16.6780518
-16.6781073
-16.6981939
-16.7060188
-16.7061094
-16.7061572
-16.7408565
-16.7618412
-16.7618959
-16.7619506
-16.7620053
-16.7620599
-16.7621144
-16.7621690
-16.7622441
-16.7623089
-16.7786365
-16.7900833
-16.7901629
-16.7902224
-16.8079012
-16.8179503
-16.8180326
-16.8180888
-16.8365649
-16.8457693
-16.8458530
-16.8459073
-16.8647407
-16.8735395
-16.8736237
-16.8736772
-16.8924779
-16.9012603
-16.9013438
-16.9013979
-16.9197738
-16.9289310
-16.9290128
-16.9290685
-16.9465720
-16.9565508
-16.9566296
-16.9566885
 -16.972750
 -16.984119
 -16.984193
 -16.984257
 -16.998092
 -17.011634
 -17.011688
 -17.011742
 -17.011815
 -17.011880
 -17.021867
 -17.025560
 -17.025707
 -17.025801
 -17.032904
 -17.039467
 -17.039553
 -17.039602
 -17.058615
 -17.066875
 -17.066956
 -17.067011
 -17.083345
 -17.094229
 -17.094301
 -17.094366
 -17.104094
 -17.107965
 -17.108103
 -17.108205
 -17.113068
 -17.115011
 -17.115263
 -17.115462
 -17.117744
 -17.118877
 -17.119201
 -17.119327
 -17.123530
 -17.126128
 -17.126290
 -17.126367
 -17.134722
 -17.139933
 -17.140022
 -17.140067
 -17.159751
 -17.167138
 -17.167220
 -17.167273
 -17.183309
 -17.194286
 -17.194340
 -17.194411
 -17.194476
 -17.203715
 -17.207970
 -17.208096
 -17.208208
 -17.212552
 -17.214962
 -17.215124
 -17.215199
 -17.223119
 -17.228671
 -17.228758
 -17.228805
 -17.245744
 -17.255685
 -17.255757
 -17.255821
 -17.264862
 -17.269249
 -17.269339
 -17.269382
 -17.287925
 -17.296175
 -17.296251
 -17.296309
 -17.305889
 -17.309694
 -17.309823
 -17.309930
 -17.314235
 -17.316628
 -17.316787
 -17.316864
 -17.324116
 -17.330224
 -17.330307
 -17.330357
 -17.344987
 -17.357013
 -17.357065
 -17.357117
 -17.357170
 -17.357241
 -17.357304
 -17.366367
 -17.370620
 -17.370709
 -17.370752
 -17.389657
 -17.397320
 -17.397396
 -17.397454
 -17.406990
 -17.410724
 -17.410848
 -17.410958
 -17.415042
 -17.417599
 -17.417749
 -17.417833
 -17.422710
 -17.424470
 -17.424701
 -17.424910
 -17.426840
 -17.428239
 -17.428508
 -17.428678
 -17.430891
 -17.432007
 -17.432305
 -17.432446
 -17.434880
 -17.435773
 -17.436206
 -17.436625
 -17.437544
 -17.438301
 -17.438795
 -17.439152
 -17.440185
 -17.440828
 -17.441373
 -17.441678
 -17.442807
 -17.443354
 -17.443942
 -17.444204
 -17.445412
 -17.445879
 -17.446504
 -17.446730
 -17.448507
 -17.450053
 -17.450304
 -17.450491
 -17.452558
 -17.453813
 -17.454095
 -17.454252
 -17.456550
 -17.457573
 -17.457878
 -17.458011
 -17.461340
 -17.464623
 -17.464755
 -17.464856
 -17.469115
 -17.471466
 -17.471618
 -17.471698
 -17.476613
 -17.478303
 -17.478536
 -17.478741
 -17.480651
 -17.482054
 -17.482317
 -17.482492
 -17.484635
 -17.485804
 -17.486092
 -17.486241
 -17.488575
 -17.489552
 -17.489861
 -17.489989
 -17.493370
 -17.496583
 -17.496714
 -17.496815
 -17.501046
 -17.503405
 -17.503556
 -17.503637
 -17.508484
 -17.510223
 -17.510447
 -17.510659
 -17.512483
 -17.513963
 -17.514215
 -17.514399
 -17.516439
 -17.517702
 -17.517977
 -17.518137
 -17.520358
 -17.521439
 -17.521733
 -17.521875
 -17.524247
 -17.525175
 -17.525486
 -17.525610
 -17.529051
 -17.532182
 -17.532314
 -17.532414
 -17.536622
 -17.538982
 -17.539132
 -17.539213
 -17.543991
 -17.545778
 -17.545941
 -17.546008
 -17.553784
 -17.559100
 -17.559182
 -17.559231
 -17.574024
 -17.585348
 -17.585400
 -17.585451
 -17.585502
 -17.585554
 -17.585625
 -17.585685
 -17.594314
 -17.598728
 -17.598813
 -17.598858
 -17.615272
 -17.624877
 -17.624928
 -17.624980
 -17.625049
 -17.625110
 -17.633480
 -17.638104
 -17.638187
 -17.638233
 -17.653798
 -17.664153
 -17.664204
 -17.664255
 -17.664306
 -17.664375
 -17.664436
 -17.672505
 -17.677378
 -17.677460
 -17.677507
 -17.690838
 -17.703322
 -17.703373
 -17.703424
 -17.703475
 -17.703526
 -17.703576
 -17.703646
 -17.703706
 -17.711958
 -17.716598
 -17.716680
 -17.716727
 -17.731531
 -17.742443
 -17.742494
 -17.742545
 -17.742595
 -17.742646
 -17.742715
 -17.742775
 -17.750979
 -17.755616
 -17.755697
 -17.755744
 -17.770210
 -17.781358
 -17.781408
 -17.781458
 -17.781509
 -17.781559
 -17.781627
 -17.781688
 -17.789651
 -17.794477
 -17.794557
 -17.794605
 -17.808257
 -17.820114
 -17.820165
 -17.820215
 -17.820265
 -17.820315
 -17.820365
 -17.820434
 -17.820494
 -17.828264
 -17.833230
 -17.833308
 -17.833356
 -17.842720
 -17.846076
 -17.846161
 -17.846202
 -17.862126
 -17.871570
 -17.871620
 -17.871670
 -17.871737
 -17.871798
 -17.879168
 -17.884464
 -17.884540
 -17.884590
 -17.893588
 -17.897239
 -17.897322
 -17.897364
 -17.912134
 -17.922591
 -17.922641
 -17.922691
 -17.922740
 -17.922790
 -17.922859
 -17.922917
 -17.930595
 -17.935512
 -17.935589
 -17.935637
 -17.944757
 -17.948215
 -17.948299
 -17.948340
 -17.963327
 -17.973424
 -17.973474
 -17.973523
 -17.973572
 -17.973638
 -17.973699
 -17.981138
 -17.986223
 -17.986299
 -17.986348
 -17.995365
 -17.998855
 -17.998937
 -17.998979
 -18.014708
 -18.023922
 -18.023971
 -18.024020
 -18.024069
 -18.024137
 -18.024195
 -18.031643
 -18.036646
 -18.036721
 -18.036770
 -18.045578
 -18.049204
 -18.049285
 -18.049327
 -18.063254
 -18.074122
 -18.074171
 -18.074220
 -18.074268
 -18.074317
 -18.074382
 -18.074442
 -18.081511
 -18.086820
 -18.086893
 -18.086943
 -18.095417
 -18.099304
 -18.099383
 -18.099426
 -18.112321
 -18.124074
 -18.124123
 -18.124172
 -18.124220
 -18.124269
 -18.124317
 -18.124382
 -18.124441
 -18.131724
 -18.136746
 -18.136820
 -18.136869
 -18.145583
 -18.149157
 -18.149237
 -18.149279
 -18.163989
 -18.173782
 -18.173831
 -18.173879
 -18.173927
 -18.173975
 -18.174042
 -18.174098
 -18.181595
 -18.186330
 -18.186404
 -18.186451
 -18.195274
 -18.198665
 -18.198745
 -18.198786
 -18.213802
 -18.223141
 -18.223189
 -18.223237
 -18.223285
 -18.223349
 -18.223407
 -18.230333
 -18.235563
 -18.235635
 -18.235684
 -18.243915
 -18.247822
 -18.247900
 -18.247943
 -18.260129
 -18.272144
 -18.272192
 -18.272240
 -18.272288
 -18.272335
 -18.272383
 -18.272430
 -18.272496
 -18.272552
 -18.279713
 -18.284633
 -18.284705
 -18.284753
 -18.293130
 -18.296816
 -18.296894
 -18.296935
 -18.309623
 -18.320987
 -18.321034
 -18.321082
 -18.321129
 -18.321176
 -18.321224
 -18.321287
 -18.321345
 -18.328423
 -18.333350
 -18.333422
 -18.333470
 -18.341902
 -18.345458
 -18.345535
 -18.345576
 -18.359605
 -18.369480
 -18.369527
 -18.369574
 -18.369621
 -18.369668
 -18.369732
 -18.369788
 -18.376913
 -18.381718
 -18.381790
 -18.381837
 -18.390291
 -18.393748
 -18.393826
 -18.393866
 -18.408051
 -18.417618
 -18.417664
 -18.417711
 -18.417758
 -18.417804
 -18.417869
 -18.417924
 -18.425142
 -18.429777
 -18.429850
 -18.429896
 -18.438413
 -18.441731
 -18.441809
 -18.441848
 -18.456327
 -18.465447
 -18.465493
 -18.465540
 -18.465586
 -18.465648
 -18.465705
 -18.472426
 -18.477481
 -18.477551
 -18.477598
 -18.485631
 -18.489356
 -18.489432
 -18.489473
 -18.501653
 -18.512915
 -18.512961
 -18.513007
 -18.513053
 -18.513099
 -18.513146
 -18.513207
 -18.513264
 -18.520173
 -18.524964
 -18.525034
 -18.525080
 -18.533390
 -18.536762
 -18.536838
 -18.536877
 -18.551060
 -18.560169
 -18.560215
 -18.560260
 -18.560306
 -18.560367
 -18.560423
 -18.567094
 -18.572046
 -18.572115
 -18.572162
 -18.580196
 -18.583765
 -18.583840
 -18.583880
 -18.596470
 -18.607014
 -18.607060
 -18.607105
 -18.607151
 -18.607196
 -18.607242
 -18.607305
 -18.607358
 -18.614519
 -18.618904
 -18.618975
 -18.619019
 -18.627544
 -18.630546
 -18.630623
 -18.630660
 -18.645793
 -18.653642
 -18.653687
 -18.653733
 -18.653794
 -18.653848
 -18.660929
 -18.665316
 -18.665387
 -18.665431
 -18.673928
 -18.676880
 -18.676957
 -18.676993
 -18.692242
 -18.699821
 -18.699866
 -18.699926
 -18.699981
 -18.706596
 -18.711371
 -18.711440
 -18.711484
 -18.719588
 -18.722856
 -18.722931
 -18.722968
 -18.736472
 -18.745638
 -18.745683
 -18.745727
 -18.745772
 -18.745832
 -18.745886
 -18.752796
 -18.757199
 -18.757269
 -18.757311
 -18.768828
 -18.779866
 -18.779910
 -18.779955
 -18.779999
 -18.780044
 -18.780088
 -18.780147
 -18.780201
 -18.786897
 -18.791455
 -18.791524
 -18.791567
 -18.799806
 -18.802802
 -18.802903
 -18.803001
 -18.805990
 -18.808620
 -18.808730
 -18.808818
 -18.812130
 -18.814432
 -18.814550
 -18.814630
 -18.818229
 -18.820240
 -18.820365
 -18.820437
 -18.824290
 -18.826042
 -18.826173
 -18.826239
 -18.830317
 -18.831839
 -18.831976
 -18.832036
 -18.837921
 -18.843200
 -18.843266
 -18.843311
 -18.851102
 -18.854457
 -18.854530
 -18.854567
 -18.868057
 -18.876787
 -18.876831
 -18.876874
 -18.876918
 -18.876978
 -18.877029
 -18.884218
 -18.888117
 -18.888188
 -18.888227
 -18.901349
 -18.910331
 -18.910375
 -18.910418
 -18.910462
 -18.910521
 -18.910573
 -18.917443
 -18.921601
 -18.921671
 -18.921711
 -18.933434
 -18.943696
 -18.943739
 -18.943782
 -18.943825
 -18.943869
 -18.943927
 -18.943979
 -18.950800
 -18.954949
 -18.955018
 -18.955058
 -18.966951
 -18.976926
 -18.976969
 -18.977012
 -18.977055
 -18.977098
 -18.977157
 -18.977208
 -18.984183
 -18.988119
 -18.988189
 -18.988227
 -19.000762
 -19.009979
 -19.010021
 -19.010064
 -19.010107
 -19.010165
 -19.010216
 -19.017340
 -19.021070
 -19.021140
 -19.021177
 -19.035126
 -19.042815
 -19.042857
 -19.042915
 -19.042966
 -19.049914
 -19.053760
 -19.053830
 -19.053867
 -19.066903
 -19.075386
 -19.075428
 -19.075471
 -19.075529
 -19.075579
 -19.082621
 -19.086315
 -19.086385
 -19.086421
 -19.099932
 -19.107824
 -19.107866
 -19.107923
 -19.107974
 -19.115161
 -19.118652
 -19.118723
 -19.118758
 -19.133552
 -19.140047
 -19.140106
 -19.140153
 -19.147696
 -19.150774
 -19.150873
 -19.150962
 -19.154280
 -19.156274
 -19.156397
 -19.156461
 -19.162003
 -19.167051
 -19.167116
 -19.167157
 -19.179293
 -19.188270
 -19.188311
 -19.188352
 -19.188408
 -19.188459
 -19.195615
 -19.198992
 -19.199062
 -19.199096
 -19.214404
 -19.220094
 -19.220156
 -19.220199
 -19.231636
 -19.241119
 -19.241160
 -19.241201
 -19.241242
 -19.241299
 -19.241347
 -19.248588
 -19.251783
 -19.251882
 -19.251967
 -19.255362
 -19.257187
 -19.257313
 -19.257370
 -19.263616
 -19.267777
 -19.267844
 -19.267880
 -19.281530
 -19.288625
 -19.288683
 -19.288729
 -19.296236
 -19.299078
 -19.299185
 -19.299261
 -19.302919
 -19.304437
 -19.304623
 -19.304780
 -19.306458
 -19.307376
 -19.307617
 -19.307718
 -19.310698
 -19.312886
 -19.313006
 -19.313068
 -19.318783
 -19.323372
 -19.323438
 -19.323474
 -19.336834
 -19.344015
 -19.344073
 -19.344117
 -19.351727
 -19.354365
 -19.354476
 -19.354545
 -19.358379
 -19.359671
 -19.359879
 -19.360010
 -19.361863
 -19.362580
 -19.362959
 -19.363238
 -19.364113
 -19.364532
 -19.365194
 -19.365826
 -19.366235
 -19.366484
 -19.367408
 -19.367777
 -19.368513
 -19.369071
 -19.369509
 -19.369727
 -19.371032
 -19.372293
 -19.372505
 -19.372632
 -19.374510
 -19.375196
 -19.375588
 -19.375852
 -19.376750
 -19.377144
 -19.377849
 -19.378435
 -19.378862
 -19.379090
 -19.380045
 -19.380381
 -19.381171
 -19.381672
 -19.382131
 -19.382327
 -19.383781
 -19.384887
 -19.385112
 -19.385224
 -19.387997
 -19.390321
 -19.390438
 -19.390500
 -19.396378
 -19.400660
 -19.400727
 -19.400761
 -19.415114
 -19.421016
 -19.421078
 -19.421116
 -19.433529
 -19.441294
 -19.441351
 -19.441395
 -19.451735
 -19.461497
 -19.461536
 -19.461590
 -19.461637
 -19.471694
 -19.481665
 -19.481704
 -19.481757
 -19.481805
 -19.489121
 -19.491795
 -19.491908
 -19.491971
 -19.497896
 -19.501942
 -19.502033
 -19.502118
 -19.505615
 -19.507105
 -19.507305
 -19.507435
 -19.509947